Run	φ	Δφ	κ1	Δκ1	κ2	Δκ2	x	Δx	y	Δy	z	Δz
1	0.04577	0.01135	-0.130972825E-02	0.10885E-09	0.402657269E-02	0.44347E-09	6.62306	1.29747	-0.04126	0.02506	0.85141	0.77422
2	0.04656	0.01241	0.430251006E-02	0.56918E-09	-0.124892651E-02	0.67189E-09	37.82818	1.21667	-2.81732	0.10724	0.92434	0.81886
3	0.03437	0.10940	0.814640895E-02	0.66980E-08	-0.118821126E-02	0.15314E-07	68.37946	6.38610	2.06586	0.22622	1.64932	1.23323
4	0.03538	0.01702	0.477080932E-02	0.49647E-09	-0.122132711E-02	0.67796E-09	37.40244	1.62279	-2.35355	0.12073	2.54499	0.82217
5	0.06620	0.01315	-0.121827470E-02	0.18959E-09	0.419401983E-02	0.92162E-09	9.34047	1.42236	0.28879	0.03817	-0.18140	0.93600
6	0.12377	0.01930	-0.114228064E-02	0.11175E-09	0.598582067E-02	0.71739E-08	5.64055	1.41367	0.03732	0.04107	0.31764	0.89729
7	0.05681	0.01398	0.449419999E-02	0.10421E-08	-0.124489528E-02	0.16265E-08	52.99150	1.09202	5.87706	0.11955	-0.68365	0.80923
8	0.08685	0.02182	-0.107699248E-02	0.35048E-09	0.851428136E-02	0.54454E-08	8.03314	1.21106	0.19167	0.05567	-0.04137	1.14485
9	0.03611	0.01446	0.411931751E-02	0.53801E-09	-0.127610157E-02	0.69709E-09	38.20119	1.53025	-1.03036	0.06153	-0.58156	0.81272
10	0.08107	0.01648	-0.116733741E-02	0.35626E-09	0.441321265E-02	0.24366E-08	18.05127	1.62389	0.93029	0.06897	1.83799	1.07250
11	0.06714	0.00698	-0.117946102E-02	0.99917E-10	0.543416431E-02	0.21512E-09	7.48222	0.59191	-0.74463	0.07470	-0.95565	0.68306
12	0.05305	0.01127	-0.126065244E-02	0.11084E-09	0.457137544E-02	0.10446E-08	9.52271	1.12372	0.01102	0.02483	-0.01159	0.76097
13	0.17443	0.00782	-0.100500626E-02	0.19968E-09	0.999732036E-02	0.13489E-08	6.28695	0.34975	0.59287	0.03856	-1.76839	0.99985
14	0.09802	0.02532	-0.115094497E-02	0.42132E-08	0.102332905E-01	0.81543E-09	57.62584	1.01261	-3.07666	0.09339	-6.32800	0.99404
15	0.05953	0.01799	-0.113038078E-02	0.18815E-09	0.629815459E-02	0.20757E-08	7.33157	1.35608	-0.00464	0.04263	-0.64266	0.94278
16	0.01258	0.04395	-0.129015604E-02	0.35564E-09	0.424515549E-02	0.10369E-08	32.33020	4.91075	0.50884	0.08508	2.95400	0.86645
17	0.17156	0.00883	-0.951818831E-03	0.38636E-09	0.733071379E-02	0.22983E-08	12.67110	0.48381	1.76194	0.04421	1.17503	1.21793
18	0.08308	0.04173	-0.981195830E-03	0.42910E-08	0.928409956E-02	0.47088E-08	52.06250	2.06188	-0.43269	0.09465	1.43863	1.25748
19	0.03638	0.08155	-0.111401966E-02	0.43708E-08	0.835978892E-02	0.86527E-08	65.05351	4.70345	4.98799	0.37259	0.36885	0.94547
20	0.05252	0.01244	0.506015494E-02	0.42288E-09	-0.120037445E-02	0.70912E-09	38.00866	1.06819	-0.30626	0.03741	-1.41041	0.80920
21	0.08223	0.01579	-0.113694905E-02	0.18318E-09	0.694248173E-02	0.16653E-08	13.85232	1.06010	-0.76914	0.06629	2.61059	0.90346
22	0.05155	0.01555	-0.110943860E-02	0.33483E-09	0.719661638E-02	0.82964E-09	27.97472	1.01626	-2.05450	0.09419	-0.63854	0.79376
23	0.06500	0.01474	-0.123670953E-02	0.15746E-08	0.478794286E-02	0.13006E-08	49.75248	1.13414	-2.33940	0.07029	1.64670	0.87367
24	0.08794	0.02221	-0.112952176E-02	0.19083E-09	0.645969529E-02	0.73450E-08	11.60796	1.55431	0.03996	0.03711	0.34765	0.98214
25	0.11747	0.01944	-0.107096951E-02	0.38663E-09	0.641475013E-02	0.48877E-08	17.94223	1.33380	1.71406	0.10122	0.33112	1.35823
26	0.06992	0.01806	-0.116963743E-02	0.35318E-09	0.515154470E-02	0.22376E-08	22.01258	1.57883	0.24720	0.04114	0.49069	1.00297
27	0.11190	0.02292	0.772111304E-02	0.19671E-08	-0.103413383E-02	0.43639E-08	57.37539	1.10975	1.20895	0.05417	-4.83004	1.03403
28	0.06206	0.01374	-0.125790318E-02	0.16291E-08	0.500561157E-02	0.10786E-08	56.59154	0.95030	5.42912	0.09505	2.23570	0.74236
29	0.15959	0.04742	0.592625700E-02	0.10555E-08	-0.936112774E-03	0.15151E-07	27.24665	3.37893	2.46451	0.33218	0.28642	1.17667
30	0.06895	0.00972	-0.126069039E-02	0.10978E-09	0.425314624E-02	0.11106E-08	6.33777	1.01138	-0.00158	0.02605	0.34943	0.80214
31	0.05585	0.01720	-0.111176411E-02	0.34945E-09	0.723265810E-02	0.24595E-08	26.89345	1.09601	-0.61094	0.04729	-2.23727	0.84891
32	0.11865	0.02086	-0.104849797E-02	0.35753E-09	0.633173995E-02	0.56673E-08	16.43207	1.45378	0.84170	0.06466	1.05797	1.14718
33	0.09840	0.02620	-0.105000951E-02	0.16260E-08	0.979157817E-02	0.27473E-08	40.42822	1.23846	1.07523	0.05662	2.19389	1.16542
34	0.08436	0.02629	0.542944018E-02	0.25687E-08	-0.110398280E-02	0.42713E-08	47.88264	1.92496	-0.23767	0.10300	0.61616	1.29639
35	0.15422	0.00445	-0.112422288E-02	0.10989E-09	0.651867781E-02	0.37592E-09	6.21508	0.28242	-0.12792	0.02941	-0.30139	0.71553
36	0.10825	0.03597	-0.997284660E-03	0.43818E-08	0.111372769E-01	0.80367E-08	65.72581	1.41419	2.85056	0.06711	1.07126	0.86947
37	0.02507	0.12604	-0.130771205E-02	0.15020E-07	0.579813076E-02	0.13039E-07	73.91447	10.20209	-2.55380	0.30544	4.82833	1.33637
38	0.09567	0.02273	-0.114968990E-02	0.43763E-08	0.632338040E-02	0.25757E-08	60.41827	1.27120	4.18650	0.09437	-4.33918	0.96799
39	0.04590	0.01511	-0.119285472E-02	0.18835E-09	0.542130275E-02	0.89811E-09	20.55623	1.30412	-0.55279	0.04444	-2.22306	0.78804
40	0.05088	0.01830	-0.112241413E-02	0.11111E-09	0.754621346E-02	0.14456E-08	9.98541	1.17089	-0.05257	0.02392	0.56373	0.77281
41	0.08832	0.01751	-0.115158746E-02	0.71153E-09	0.442700321E-02	0.25672E-08	28.39727	1.64950	0.67344	0.05690	-1.33343	1.16183
42	0.06190	0.02187	-0.113440189E-02	0.71970E-09	0.706021301E-02	0.19313E-08	44.45858	1.43181	0.14387	0.02736	-0.06951	0.84511
43	0.09945	0.01516	-0.108281663E-02	0.11402E-09	0.879180245E-02	0.40209E-08	7.01542	0.80065	0.33148	0.04241	1.37101	0.84063
44	0.09136	0.03948	-0.111643039E-02	0.42455E-08	0.897853076E-02	0.51966E-08	51.06379	1.98796	-1.30079	0.10673	-0.79630	1.29277
45	0.09912	0.05286	-0.106232031E-02	0.15317E-07	0.944266468E-02	0.97522E-08	74.78059	2.23501	0.68510	0.06338	5.38183	0.97745
46	0.09018	0.01227	-0.114246155E-02	0.19006E-09	0.680556335E-02	0.20623E-08	9.17595	0.82171	-0.00034	0.03649	-0.37913	0.91454
47	0.05413	0.01653	-0.111775578E-02	0.10798E-09	0.749323657E-02	0.20652E-08	2.63331	1.06217	-0.05457	0.04621	-0.49830	0.81688
48	0.04208	0.01909	-0.117606029E-02	0.70099E-09	0.564717734E-02	0.95904E-09	36.27473	1.56034	-0.82623	0.06036	-1.55319	0.87718
49	0.08800	0.01197	-0.119554787E-02	0.35023E-09	0.410214951E-02	0.93200E-09	16.88644	1.25675	0.35642	0.04605	0.42555	1.03892
50	1.18884	0.02815	0.149109298E-01	0.24525E-08	-0.108729780E-02	0.15273E-07	62.56283	0.09381	5.16379	0.12601	-7.70005	1.17592
51	0.02104	0.08317	0.429631583E-02	0.96573E-09	-0.127148931E-02	0.43055E-08	34.36941	9.15362	2.09942	0.43608	0.23438	1.16691
52	0.08344	0.01691	-0.119698560E-02	0.15863E-08	0.496359216E-02	0.82622E-09	34.68482	1.43006	-0.12197	0.07663	0.79610	1.15869
53	0.16711	0.00638	-0.109829649E-02	0.11185E-09	0.873429328E-02	0.23094E-08	6.09095	0.29263	0.01051	0.02606	-0.04903	0.76882
54	0.03621	0.02203	-0.121602870E-02	0.11301E-09	0.489619561E-02	0.24234E-08	6.93171	2.12991	0.30689	0.10671	0.56893	0.82812
55	0.04221	0.03839	-0.110415171E-02	0.72796E-09	0.861216616E-02	0.37278E-08	33.57465	2.15462	3.24180	0.19936	0.36563	1.01632
56	0.12712	0.01190	-0.103646889E-02	0.11180E-09	0.113666812E-01	0.33815E-08	11.40409	0.47576	-0.04487	0.02403	0.00249	0.77952
57	0.11798	0.01267	-0.104268722E-02	0.10877E-09	0.120667182E-01	0.30206E-08	1.69670	0.49559	-0.00175	0.03930	0.09387	0.85024
58	0.03342	0.01663	-0.129528041E-02	0.11007E-09	0.400502514E-02	0.11103E-08	8.08392	1.92496	0.04694	0.03170	-0.59581	0.77947
59	0.01640	0.61462	0.704321451E-02	0.63676E-08	-0.114268612E-02	0.15281E-07	67.94391	42.86993	6.58779	4.13456	-3.83622	2.43591
60	0.12186	0.01269	-0.105870294E-02	0.11212E-09	0.926698837E-02	0.74189E-08	12.24540	0.57285	0.01432	0.02225	-0.82423	0.77603
61	0.05202	0.00954	-0.125652878E-02	0.10377E-09	0.430909405E-02	0.52170E-09	1.80262	1.02070	-0.05772	0.06329	-0.59060	0.77202
62	0.09452	0.01976	-0.117044419E-02	0.72736E-09	0.669938326E-02	0.73356E-08	31.35058	1.20104	3.06235	0.12296	2.33449	1.07741
63	0.07040	0.01908	-0.118817738E-02	0.16374E-08	0.511453766E-02	0.26028E-08	42.95277	1.50031	2.69691	0.09189	-2.85933	1.06725
64	0.04885	0.02159	-0.107688131E-02	0.33303E-09	0.968834013E-02	0.22849E-08	32.44690	1.06147	-2.93838	0.10874	-2.50311	0.75509
65	0.07845	0.04554	-0.114052685E-02	0.42996E-08	0.106303534E-01	0.60492E-08	59.63923	1.98229	-1.14958	0.06483	-0.20150	1.03974
66	0.11148	0.02067	-0.110636558E-02	0.70919E-09	0.944883469E-02	0.39992E-08	28.90856	0.99978	-0.04996	0.05262	-1.25279	1.11072
67	0.03271	0.02326	-0.118714047E-02	0.70995E-09	0.510221999E-02	0.94028E-09	34.20939	2.13578	0.23094	0.03517	-0.42942	0.91229
68	0.09156	0.01283	-0.113946933E-02	0.71867E-09	0.769455032E-02	0.21090E-08	44.72585	0.67364	5.53870	0.08457	-0.59249	0.75516
69	0.05870	0.01399	-0.121204928E-02	0.16313E-08	0.460104039E-02	0.10522E-08	52.91648	1.07214	5.42183	0.10617	2.17146	0.80992
70	0.02331	0.01509	-0.125888467E-02	0.10516E-09	0.442454033E-02	0.24038E-09	8.96210	1.62017	-0.42567	0.08750	0.69469	0.67889
71	0.05354	0.01305	-0.117520650E-02	0.18848E-09	0.551196095E-02	0.91945E-09	12.13815	1.10831	-0.10863	0.03769	-1.02925	0.83560
72	0.04917	0.03428	-0.106749369E-02	0.72822E-09	0.891724043E-02	0.60733E-08	38.75261	1.82881	3.20468	0.14841	-0.91135	0.91330
73	0.04494	0.01489	-0.126555446E-02	0.19823E-09	0.440828130E-02	0.93515E-09	17.54267	1.55063	0.53080	0.05453	-1.44601	0.91395
74	0.03179	0.01843	-0.120491174E-02	0.10558E-09	0.523365475E-02	0.10630E-08	11.95046	1.67659	-0.68999	0.09920	-0.77115	0.73527
75	0.07837	0.02185	-0.109834212E-02	0.35173E-09	0.825411174E-02	0.68413E-08	20.47714	1.20882	-0.06767	0.04239	-1.43456	1.00831
76	0.05966	0.01051	-0.120013184E-02	0.19153E-09	0.510514854E-02	0.10585E-08	23.67088	0.90333	-0.29494	0.02426	0.40290	0.74586
77	0.12408	0.02421	-0.106730999E-02	0.15997E-08	0.108066602E-01	0.26041E-08	31.10585	1.03517	0.32754	0.08670	-0.80508	1.24840
78	0.13678	0.01284	-0.108416867E-02	0.19946E-09	0.430206023E-02	0.20481E-08	-3.14786	1.30088	0.73340	0.09553	-0.18316	1.28791
79	0.07551	0.01277	-0.112139992E-02	0.71129E-09	0.623257039E-02	0.84030E-09	36.04572	0.88676	-0.19645	0.04020	1.34632	0.87383
80	0.11373	0.04729	0.732980808E-02	0.11842E-07	-0.102618441E-02	0.15220E-07	70.93558	2.33694	-0.94422	0.07902	-1.41312	1.12246
81	0.08703	0.04810	0.441505807E-02	0.10942E-08	-0.120775867E-02	0.42648E-08	5.52564	5.08822	0.71019	0.12451	-0.16031	1.17329
82	0.09509	0.04733	0.511842035E-02	0.97040E-08	-0.111848617E-02	0.15149E-07	53.92858	3.41895	0.83320	0.15987	-2.50411	1.77011
83	0.07103	0.01298	-0.111925602E-02	0.10901E-09	0.737437326E-02	0.21213E-08	2.17542	0.83312	-0.03062	0.03600	0.33658	0.82088
84	0.03567	0.01477	-0.124605966E-02	0.68860E-09	0.409124140E-02	0.55406E-09	37.72271	1.58147	-1.59813	0.08883	1.51883	0.82481
85	0.13255	0.00954	-0.112849404E-02	0.11128E-09	0.685556186E-02	0.18373E-08	4.58179	0.61212	0.00144	0.02822	0.25873	0.84400
86	0.09617	0.01659	-0.107989577E-02	0.16237E-08	0.732372142E-02	0.23464E-08	54.79684	0.88390	6.00825	0.09876	2.35838	0.80033
87	0.03902	0.02310	-0.118854106E-02	0.11162E-09	0.569819706E-02	0.20764E-08	6.52594	1.94569	0.11211	0.04862	0.58464	0.84490
88	0.15742	0.00661	-0.105956127E-02	0.20441E-09	0.404134579E-02	0.10410E-08	-8.06507	0.67807	0.56463	0.05548	-0.75618	1.28782
89	0.08243	0.01390	-0.103970757E-02	0.10916E-09	0.148950433E-01	0.90134E-09	7.33077	0.45554	-0.23469	0.03701	-0.62209	0.75171
90	0.05368	0.02385	-0.104891020E-02	0.19058E-09	0.131814424E-01	0.22153E-08	17.21526	0.88680	-0.26088	0.03848	-1.16533	0.81167
91	0.04166	0.00976	-0.120694353E-02	0.10282E-09	0.491697574E-02	0.22685E-09	8.06324	0.93627	-0.57294	0.08233	-0.18140	0.67822
92	0.06841	0.04501	-0.111221743E-02	0.43280E-08	0.517833699E-02	0.10195E-07	57.11314	3.72406	0.03417	0.06482	1.18778	1.26358
93	0.07628	0.01841	-0.106405746E-02	0.19370E-09	0.113928122E-01	0.19344E-08	22.34735	0.77896	-0.01954	0.02323	-0.70833	0.80016
94	0.06967	0.03808	0.500603113E-02	0.36530E-08	-0.125910714E-02	0.15106E-07	63.33574	2.39780	-0.33615	0.11196	-2.36713	1.08540
95	0.05081	0.01603	-0.120805227E-02	0.17693E-09	0.514884433E-02	0.99386E-09	6.97610	1.46573	-0.43451	0.10449	-0.13546	0.90884
96	0.01858	0.07990	-0.111864391E-02	0.15669E-08	0.807214249E-02	0.19367E-08	48.95232	4.85748	-2.40607	0.24859	5.81161	1.08082
97	0.11605	0.02581	-0.110288884E-02	0.66972E-09	0.800309516E-02	0.62843E-08	33.01209	1.44166	-2.70726	0.12235	-0.11671	1.11490
98	0.04601	0.01266	-0.124058721E-02	0.18277E-09	0.443878025E-02	0.45368E-09	9.81371	1.32771	-0.29427	0.06308	0.28890	0.83353
99	0.06547	0.02607	-0.110543496E-02	0.16137E-08	0.639298279E-02	0.15527E-08	46.47052	1.86323	0.12820	0.04607	0.00075	1.06923
100	0.07410	0.02845	-0.105709990E-02	0.43693E-08	0.108634355E-01	0.10983E-08	65.77715	1.10948	1.00101	0.03343	7.30088	0.81966
101	0.05886	0.01091	-0.123008527E-02	0.10822E-09	0.488220248E-02	0.10522E-08	0.15426	1.03894	-0.00031	0.03229	-0.44355	0.81947
102	0.05929	0.05625	-0.124490750E-02	0.15292E-07	0.506579410E-02	0.13639E-07	74.89845	4.23178	0.44026	0.09094	1.58511	1.01556
103	0.08047	0.01615	-0.117305806E-02	0.35925E-09	0.466901809E-02	0.23968E-08	20.39711	1.50409	0.77898	0.06236	-1.49371	1.14674
104	0.09059	0.01435	-0.120528042E-02	0.18833E-09	0.518370047E-02	0.23909E-08	10.22803	1.22886	-0.18484	0.03762	0.15968	0.96345
105	0.04744	0.02048	-0.122228835E-02	0.19137E-09	0.474522915E-02	0.25876E-08	14.38532	1.99433	0.21097	0.04461	0.20137	0.90474
106	0.08174	0.02319	-0.123434712E-02	0.10938E-09	0.628347229E-02	0.68480E-08	-0.72061	1.72728	-0.06083	0.04643	0.98217	0.95066
107	0.06505	0.05801	-0.116376660E-02	0.15293E-07	0.569681823E-02	0.88821E-08	60.20341	4.21633	2.22269	0.17776	-1.36992	1.52303
108	0.10405	0.00466	-0.122630387E-02	0.10636E-09	0.490630092E-02	0.23018E-09	6.10859	0.40707	-0.28251	0.03714	0.39659	0.69914
109	0.13730	0.04606	0.826968160E-02	0.53494E-08	-0.997895258E-03	0.15198E-07	48.34574	2.21467	1.72361	0.19183	-2.00903	1.67506
110	0.04441	0.03995	-0.120067119E-02	0.42950E-08	0.600582873E-02	0.23826E-08	54.10700	3.00795	-0.27586	0.06853	-0.43883	1.13658
111	0.10910	0.00724	-0.111345318E-02	0.35308E-09	0.403758697E-02	0.50526E-09	11.13320	0.73254	0.93418	0.04602	0.38526	1.00191
112	0.05528	0.01413	-0.122283539E-02	0.35277E-09	0.453434931E-02	0.97159E-09	27.00960	1.38902	-0.01176	0.03088	-0.27337	0.88295
113	0.10254	0.02984	-0.111200556E-02	0.16251E-08	0.729962951E-02	0.60879E-08	46.45547	1.81695	0.68830	0.05869	0.01556	1.14229
114	0.02856	0.07918	-0.116626557E-02	0.43770E-08	0.613511959E-02	0.74773E-08	54.15791	6.14321	4.71087	0.54374	0.42101	1.22703
115	0.11324	0.01296	-0.115082797E-02	0.18673E-09	0.636729505E-02	0.16836E-08	9.59181	0.91875	-0.27475	0.04479	-2.08509	0.96453
116	0.03658	0.01281	-0.122178032E-02	0.17456E-09	0.457675429E-02	0.22926E-09	14.48383	1.31348	-1.18340	0.12632	-0.34009	0.74828
117	0.18643	0.00855	-0.104165683E-02	0.11175E-09	0.113971718E-01	0.76303E-08	5.63533	0.29189	0.01685	0.02784	-0.70362	0.80538
118	0.05220	0.01154	-0.118222774E-02	0.11092E-09	0.519153709E-02	0.96912E-09	11.52016	1.02951	0.01398	0.02201	-0.41022	0.73685
119	0.04618	0.01045	-0.119406229E-02	0.10703E-09	0.553280069E-02	0.42124E-09	7.37611	0.89602	-0.28399	0.04828	0.60338	0.70504
120	0.04990	0.01438	-0.120993610E-02	0.16393E-08	0.435547438E-02	0.12665E-08	56.27119	1.14350	3.06658	0.06379	0.77647	0.74946
121	0.00438	0.09694	-0.122935697E-02	0.36272E-09	0.452691363E-02	0.28246E-08	30.09819	10.24682	3.31751	1.10429	-0.88768	0.83851
122	0.04599	0.01045	-0.116769434E-02	0.33103E-09	0.582024641E-02	0.19996E-09	33.56915	0.82007	-3.18770	0.09074	-0.04798	0.67307
123	0.08066	0.02199	-0.106691744E-02	0.19180E-09	0.834066141E-02	0.41216E-08	14.34278	1.24582	0.14050	0.03241	0.58164	0.93240
124	0.02465	0.04618	-0.114330626E-02	0.11403E-09	0.667765457E-02	0.67504E-08	8.77844	3.36793	0.51139	0.19676	0.56567	0.85783
125	0.06517	0.00711	-0.120888895E-02	0.10710E-09	0.498912204E-02	0.50125E-09	7.25355	0.64542	-0.27132	0.04045	-0.54853	0.70906
126	0.06979	0.01041	-0.111500663E-02	0.10303E-09	0.790671632E-02	0.74233E-09	6.84471	0.62311	-0.55437	0.06668	1.08242	0.72933
127	0.01209	0.04468	-0.126735424E-02	0.10987E-09	0.434774812E-02	0.10197E-08	9.39493	4.91611	0.05085	0.03291	1.79875	0.81396
128	0.15100	0.00941	-0.901458261E-03	0.71821E-09	0.618839171E-02	0.84701E-09	23.11800	0.60332	1.74121	0.06104	0.12105	1.15792
129	0.05732	0.01125	-0.123904226E-02	0.68791E-09	0.452240137E-02	0.52283E-09	36.92102	1.02851	-1.79799	0.07122	-1.37732	0.83200
130	0.07975	0.02106	-0.120800419E-02	0.19691E-09	0.483361818E-02	0.82934E-08	10.56579	1.88365	0.90113	0.18139	1.08047	1.00338
131	0.10133	0.02587	-0.104998436E-02	0.71905E-09	0.952698383E-02	0.53975E-08	43.24171	1.25256	-0.15650	0.02823	2.54879	0.90316
132	0.07364	0.03067	-0.103607622E-02	0.42730E-08	0.737188337E-02	0.18302E-08	53.60465	1.80089	-1.10880	0.09729	-0.47161	1.13392
133	0.02709	0.01895	-0.128429104E-02	0.18508E-09	0.411581481E-02	0.46647E-09	10.90963	2.16504	-0.11780	0.04784	0.77715	0.82104
134	0.09120	0.02679	-0.110619375E-02	0.16386E-08	0.688042026E-02	0.72869E-08	40.50850	1.66948	2.60108	0.11198	3.92007	1.20213
135	0.04190	0.02922	-0.120790245E-02	0.41466E-08	0.406159041E-02	0.39607E-08	58.85469	2.75688	-3.85118	0.19991	-1.25425	1.01741
136	0.05509	0.05698	-0.112606760E-02	0.43527E-08	0.104654254E-01	0.61629E-08	65.60468	2.58449	5.94590	0.24709	-3.85764	0.87005
137	0.10945	0.01137	-0.111800770E-02	0.18991E-09	0.707550580E-02	0.18036E-08	7.08464	0.72920	0.02813	0.04002	-0.27341	0.94298
138	0.08395	0.02178	-0.112987030E-02	0.11154E-09	0.639828760E-02	0.67808E-08	0.33604	1.59059	0.07493	0.05272	0.26755	0.93622
139	0.17140	0.00765	-0.100634084E-02	0.23756E-09	0.626909127E-02	0.25158E-08	-0.89786	0.50755	0.99334	0.04364	0.18563	1.27460
140	0.02640	0.08525	-0.110204495E-02	0.14104E-07	0.425600959E-02	0.15025E-07	75.72421	8.70190	-9.39309	1.09367	-0.52570	0.99616
141	0.06793	0.00920	0.468921335E-02	0.55095E-09	-0.120582688E-02	0.70047E-09	41.76601	0.72809	-1.66150	0.04700	2.29670	0.75805
142	0.12082	0.02312	-0.106506504E-02	0.15961E-08	0.102506680E-01	0.23509E-08	38.58687	1.02530	-0.44947	0.07438	-0.11478	1.20206
143	0.10571	0.03001	-0.905927271E-03	0.16179E-08	0.621518958E-02	0.69314E-08	39.89480	2.10790	1.02413	0.06563	-4.02282	1.31342
144	0.01188	0.02713	-0.129948300E-02	0.10771E-09	0.403036550E-02	0.24131E-09	8.81825	3.19216	-0.13084	0.05744	-0.44289	0.73518
145	0.10776	0.02738	-0.105320045E-02	0.15938E-08	0.927336793E-02	0.52207E-08	40.75777	1.33715	-0.69999	0.07306	-0.27751	1.17643
146	0.04775	0.08645	-0.105641654E-02	0.15337E-07	0.827771332E-02	0.94969E-08	74.09748	4.81871	1.96758	0.14165	-5.33072	1.01999
147	0.06984	0.01195	-0.118383998E-02	0.35178E-09	0.527440244E-02	0.89852E-09	20.38127	1.01479	0.11172	0.03701	-2.13075	0.91294
148	0.02970	0.07599	-0.131158985E-02	0.15334E-07	0.416554511E-02	0.11052E-07	65.19430	7.77498	5.02869	0.62188	5.98920	1.37979
149	0.12960	0.00694	-0.112023065E-02	0.19889E-09	0.521867489E-02	0.98909E-09	1.84160	0.57211	0.49975	0.03731	0.94845	1.04639
150	0.07370	0.02322	0.408068858E-02	0.46412E-09	-0.121932547E-02	0.15863E-08	13.25258	2.59200	0.96124	0.04083	-0.23894	1.06353
151	0.06333	0.02751	-0.126523001E-02	0.41344E-08	0.442446442E-02	0.34609E-08	50.25129	2.39932	-2.83570	0.16500	-0.41439	1.25322
152	0.06887	0.00690	-0.118618610E-02	0.17459E-09	0.549199572E-02	0.22587E-09	20.34394	0.55787	-2.15736	0.07360	1.01370	0.68290
153	0.06825	0.01711	-0.108925661E-02	0.72804E-09	0.809136126E-02	0.19289E-08	42.00594	0.95454	2.55362	0.05757	-0.76804	0.80360
154	0.15739	0.01929	-0.102699001E-02	0.38694E-09	0.497790845E-02	0.62150E-08	7.02423	1.62294	1.65299	0.15498	0.80720	1.60764
155	0.03887	0.06257	-0.110378058E-02	0.15335E-07	0.432959199E-02	0.12028E-07	69.04896	5.82114	4.99574	0.40665	0.06495	1.20452
156	0.08463	0.01594	-0.108999305E-02	0.31992E-09	0.860799756E-02	0.19268E-08	22.46682	0.85329	-2.43047	0.11328	0.47786	0.91604
157	0.05380	0.01973	-0.117834657E-02	0.19257E-09	0.516231218E-02	0.21888E-08	13.13898	1.78419	0.31204	0.05114	-0.65176	0.92005
158	0.03484	0.01428	-0.129220623E-02	0.10902E-09	0.398260728E-02	0.44386E-09	7.11587	1.67145	-0.03679	0.02459	0.62577	0.76383
159	0.19342	0.00595	-0.108430034E-02	0.11242E-09	0.915724225E-02	0.19686E-08	4.81537	0.26139	0.02053	0.02653	-0.61045	0.82244
160	0.10410	0.02654	-0.112971768E-02	0.16193E-08	0.799535587E-02	0.58845E-08	39.14027	1.47007	0.75370	0.06583	3.62268	1.22768
161	0.07496	0.02255	-0.121693243E-02	0.12692E-09	0.457641017E-02	0.83312E-08	8.66556	2.15963	0.80437	0.20988	-1.14409	0.99237
162	0.10496	0.00740	-0.112882513E-02	0.10753E-09	0.624363497E-02	0.96112E-09	11.76763	0.51047	-0.56628	0.03772	-1.02287	0.73266
163	0.02426	0.02553	0.555302855E-02	0.43692E-09	-0.118778390E-02	0.67049E-09	39.54616	2.18450	-3.14162	0.18975	0.08897	0.79523
164	0.04938	0.02786	-0.104339747E-02	0.36367E-09	0.113099404E-01	0.51704E-08	32.44647	1.18514	2.65275	0.08853	-1.91285	0.77852
165	0.03429	0.01993	-0.121381518E-02	0.18710E-09	0.499927299E-02	0.93782E-09	18.73323	1.88863	-0.54882	0.05898	-1.81500	0.82255
166	0.08869	0.07805	0.437574694E-02	0.11204E-08	-0.116825115E-02	0.15047E-07	16.48885	8.21221	1.96384	0.13600	-0.98146	1.18767
167	0.08033	0.00672	-0.118863641E-02	0.18627E-09	0.535752950E-02	0.48320E-09	18.57679	0.53579	-0.78057	0.04063	-0.67786	0.72564
168	0.08738	0.04127	0.593629526E-02	0.27387E-08	-0.116796640E-02	0.15057E-07	55.08694	2.54166	0.09080	0.15619	2.04966	1.31319
169	0.04383	0.01502	-0.123133080E-02	0.10991E-09	0.456098188E-02	0.96529E-09	6.35386	1.54430	0.02946	0.02611	0.05104	0.79801
170	0.10438	0.01585	-0.103427307E-02	0.67862E-09	0.114817005E-01	0.15558E-08	42.58493	0.62414	-3.81431	0.07023	-0.93581	0.78653
171	0.02969	0.07589	-0.132229447E-02	0.15133E-07	0.416823477E-02	0.13389E-07	69.01225	7.69219	-0.49827	0.08918	4.41316	1.21588
172	0.08996	0.03261	-0.111640559E-02	0.16139E-08	0.640009716E-02	0.70393E-08	43.44450	2.25960	0.14253	0.05893	1.72529	1.22337
173	0.04370	0.01987	-0.122062478E-02	0.11076E-09	0.495869480E-02	0.26108E-08	5.99157	1.88419	0.03305	0.03938	-0.02775	0.85112
174	0.10892	0.01995	0.701998640E-02	0.88222E-09	-0.105398730E-02	0.42926E-08	50.93248	1.00424	-0.52393	0.09008	-1.17386	0.97268
175	0.12282	0.02660	-0.107032596E-02	0.16119E-08	0.717661623E-02	0.52057E-08	41.06110	1.61993	0.05726	0.06219	-0.63989	1.27206
176	0.05309	0.03392	-0.108670432E-02	0.43608E-08	0.663482677E-02	0.28628E-08	63.61845	2.21665	0.80129	0.04659	-7.09555	0.89134
177	0.04956	0.01399	-0.121924328E-02	0.34987E-09	0.500838086E-02	0.10677E-08	33.49868	1.24317	-0.99993	0.04155	-0.18763	0.78695
178	0.22171	0.00495	-0.108918012E-02	0.10372E-09	0.955323689E-02	0.57862E-09	4.89613	0.21286	-0.43297	0.03999	-0.02071	0.74800
179	0.07103	0.01078	-0.117938896E-02	0.67871E-09	0.489673391E-02	0.48675E-09	34.63961	0.91035	-2.11803	0.08431	2.50157	0.86512
180	0.10260	0.01662	-0.111134129E-02	0.71565E-09	0.412030891E-02	0.25268E-08	23.93405	1.64930	1.35996	0.07587	-2.24350	1.25329
181	0.09608	0.01102	-0.106166326E-02	0.18279E-09	0.110063404E-01	0.15959E-08	20.25299	0.46001	-1.50844	0.05152	0.14478	0.74202
182	0.09089	0.01703	-0.111694925E-02	0.16363E-08	0.682055624E-02	0.21068E-08	49.35522	0.99790	4.56210	0.09237	-0.26419	0.91468
183	0.09734	0.01601	-0.114917418E-02	0.16270E-08	0.673042331E-02	0.22071E-08	50.88932	0.90820	5.60877	0.10218	1.72205	0.88306
184	0.10323	0.02904	-0.103383325E-02	0.16132E-08	0.105760293E-01	0.63260E-08	48.11733	1.25401	-0.50189	0.04713	-1.81991	0.99370
185	0.04972	0.01577	-0.111091789E-02	0.17418E-09	0.673632836E-02	0.86541E-09	13.45585	1.11406	-1.22583	0.12422	0.16465	0.81506
186	0.12144	0.00914	-0.108801550E-02	0.32974E-09	0.852829963E-02	0.56926E-09	25.44348	0.47096	-2.35884	0.06708	0.05790	0.82142
187	0.09056	0.04945	-0.103324174E-02	0.15198E-07	0.586476317E-02	0.95900E-08	58.85291	3.23124	0.67123	0.13308	-1.50368	1.58397
188	0.06216	0.01591	-0.121167779E-02	0.19392E-09	0.506128604E-02	0.24181E-08	15.59915	1.41784	0.44346	0.05590	1.44372	0.88647
189	0.08124	0.00845	-0.122463191E-02	0.11054E-09	0.474735955E-02	0.10595E-08	8.44067	0.77492	-0.01911	0.02404	1.08608	0.77448
190	0.05231	0.05430	-0.111276470E-02	0.43777E-08	0.852219854E-02	0.49714E-08	56.64263	3.00910	4.41410	0.23899	2.75989	1.15047
191	0.09179	0.03943	0.449500093E-02	0.11802E-08	-0.110336323E-02	0.15087E-07	45.34922	3.20634	1.46326	0.17896	2.18626	1.22831
192	0.11150	0.02573	-0.109016872E-02	0.16280E-08	0.103931166E-01	0.28833E-08	52.56786	1.12897	0.27272	0.03509	-6.08056	0.98231
193	0.08279	0.02150	-0.110968470E-02	0.16100E-08	0.793378241E-02	0.13244E-08	42.65283	1.22107	0.05282	0.05390	1.16951	1.04608
194	0.06129	0.02933	-0.106616784E-02	0.33109E-09	0.104606105E-01	0.55170E-08	22.95250	1.34103	-1.74796	0.12357	-0.82118	0.95589
195	0.09070	0.02603	-0.118342089E-02	0.35838E-09	0.644314988E-02	0.60475E-08	30.83747	1.81168	0.33525	0.05553	0.39870	0.93973
196	0.05256	0.01888	-0.117176748E-02	0.68670E-09	0.534938416E-02	0.87607E-09	28.90814	1.62884	-0.93217	0.09189	0.01466	1.00171
197	0.11761	0.01881	-0.110994326E-02	0.72500E-09	0.979040936E-02	0.80318E-08	42.97583	0.80375	4.25942	0.08525	-2.68955	0.82061
198	0.05785	0.02306	0.439277384E-02	0.12549E-08	-0.115764386E-02	0.42893E-08	49.03091	1.98623	0.29340	0.08106	0.47493	1.02960
199	0.08940	0.01674	-0.110830821E-02	0.71158E-09	0.703375973E-02	0.15478E-08	28.25074	1.07818	0.32348	0.04932	-2.68620	1.06260
200	0.12407	0.02165	-0.109024928E-02	0.71635E-09	0.732174469E-02	0.45755E-08	30.20572	1.30798	0.48682	0.05452	0.09245	1.16941
201	0.05709	0.04572	-0.121263927E-02	0.43409E-08	0.444539497E-02	0.11129E-07	57.52973	4.27900	0.79836	0.10922	-0.91632	1.25087
202	0.06406	0.02399	-0.125044992E-02	0.43626E-08	0.433157058E-02	0.27732E-08	55.13527	1.93976	5.81738	0.19714	-2.22770	1.11224
203	0.06782	0.02603	-0.112306676E-02	0.15735E-08	0.800148305E-02	0.14455E-08	42.65454	1.50851	-1.51513	0.09039	-2.94334	1.04900
204	0.06817	0.00973	-0.121030805E-02	0.67358E-09	0.513815088E-02	0.55041E-09	41.73946	0.73641	-3.66725	0.07813	-3.36723	0.75917
205	0.07866	0.02359	-0.112022867E-02	0.36226E-09	0.629898347E-02	0.62114E-08	23.75856	1.67548	1.54402	0.11721	-0.56093	1.02163
206	0.08439	0.02562	0.867332797E-02	0.17029E-08	-0.852742232E-02	0.19142E-08	40.67467	1.01286	0.54070	0.04291	-1.14760	0.89615
207	0.16660	0.00665	-0.106248190E-02	0.10798E-09	0.102653038E-01	0.20216E-08	7.46714	0.26945	-0.37316	0.03393	-1.03342	0.74763
208	0.05349	0.04711	-0.109819206E-02	0.16127E-08	0.941620581E-02	0.57543E-08	46.10985	2.40803	-0.01186	0.04724	4.75577	1.07075
209	0.09212	0.01785	-0.112126558E-02	0.19693E-09	0.799029507E-02	0.33113E-08	14.00524	1.04012	0.86796	0.07348	-0.41884	0.93627
210	0.10721	0.05007	0.101492172E-01	0.66968E-08	-0.103595247E-02	0.14982E-07	67.82967	1.95935	-2.68624	0.13357	6.32690	1.21361
211	0.98899	0.00388	-0.107192097E-02	0.19492E-09	0.114103286E-01	0.72486E-09	55.72349	0.04317	0.08934	0.01488	-0.50316	0.48443
212	0.14925	0.00775	-0.103607622E-02	0.20526E-09	0.631851796E-02	0.26878E-08	2.27463	0.51131	0.76876	0.03796	0.53544	1.16012
213	0.07115	0.01222	-0.118797901E-02	0.34131E-09	0.517796446E-02	0.99910E-09	19.28611	1.05338	-0.61654	0.06324	-1.13795	0.93158
214	0.10116	0.01648	-0.107987784E-02	0.19087E-09	0.109128701E-01	0.33147E-08	21.32136	0.70416	-0.55065	0.03129	-0.40706	0.82230
215	0.05177	0.01290	-0.117098936E-02	0.10616E-09	0.576101849E-02	0.94801E-09	11.17424	1.05150	-0.63974	0.06525	0.41446	0.74013
216	0.02897	0.08011	-0.107467524E-02	0.43687E-08	0.131490082E-01	0.17010E-08	62.82481	2.98387	1.45009	0.07032	0.83207	0.92298
217	0.06279	0.01407	0.526909018E-02	0.47559E-09	-0.117094943E-02	0.16081E-08	44.40190	1.05898	0.02052	0.04734	0.50535	0.81603
218	0.04742	0.03494	-0.114657183E-02	0.43022E-08	0.582920853E-02	0.30682E-08	59.81783	2.60043	-0.85339	0.06741	1.75577	0.98499
219	0.07262	0.02804	-0.109569496E-02	0.71371E-09	0.905602798E-02	0.50036E-08	31.77085	1.45839	0.27807	0.04478	1.13854	1.05424
220	0.04333	0.06997	-0.117786916E-02	0.43530E-08	0.612093974E-02	0.87788E-08	62.05563	5.37028	0.72907	0.11117	-0.27352	1.13547
221	0.08848	0.02771	0.541371014E-02	0.43740E-09	-0.114444026E-02	0.43025E-08	33.09287	2.22788	1.35655	0.08145	-0.22912	0.93246
222	0.06876	0.00972	-0.121892558E-02	0.19127E-09	0.470672967E-02	0.10988E-08	21.10841	0.87976	-0.17956	0.02463	-2.23374	0.78218
223	0.10453	0.00742	-0.113814475E-02	0.18829E-09	0.638851058E-02	0.98599E-09	15.78412	0.49025	-0.44370	0.03719	-0.34767	0.78624
224	0.06649	0.00590	-0.122520502E-02	0.10123E-09	0.453165034E-02	0.27232E-09	8.61606	0.57775	-0.75824	0.06537	0.08108	0.67530
225	0.05693	0.01891	-0.119303109E-02	0.35770E-09	0.488069095E-02	0.24284E-08	25.17317	1.73868	0.77454	0.06311	-0.87156	0.95365
226	0.08524	0.01140	-0.119931577E-02	0.18952E-09	0.408594031E-02	0.92627E-09	6.23448	1.23960	0.33017	0.04257	0.82203	0.97886
227	0.04998	0.01658	-0.119269441E-02	0.16394E-08	0.434581749E-02	0.10313E-08	47.05568	1.51698	3.50954	0.09865	-1.11395	0.92239
228	0.08265	0.01514	-0.109113764E-02	0.34183E-09	0.848161615E-02	0.16749E-08	23.42565	0.82681	-1.05907	0.06459	-1.18293	0.89816
229	0.06824	0.04898	-0.101349212E-02	0.42998E-08	0.100061446E-01	0.48287E-08	55.81469	2.29781	-0.66119	0.08143	2.03006	1.15119
230	0.09030	0.00499	-0.125908083E-02	0.10247E-09	0.442796713E-02	0.26641E-09	5.49834	0.48235	-0.44153	0.05142	0.70988	0.70753
231	0.06531	0.01180	-0.122256030E-02	0.72624E-09	0.423292629E-02	0.10288E-08	33.40164	1.10893	2.46509	0.07226	2.38617	0.92928
232	0.00492	0.19593	-0.128682412E-02	0.43716E-08	0.465761777E-02	0.30152E-08	61.03891	20.17204	3.17193	1.08305	-3.19472	1.22926
233	0.03978	0.08123	-0.103773526E-02	0.15346E-07	0.594721828E-02	0.10709E-07	70.81587	6.14660	4.04160	0.33895	-2.57167	1.17790
234	0.09263	0.02784	-0.110346335E-02	0.70174E-09	0.807591435E-02	0.55112E-08	35.99435	1.58636	-1.16201	0.06021	3.71313	1.05622
235	0.05531	0.04064	0.439833570E-02	0.37302E-08	-0.121178001E-02	0.15050E-07	61.19837	3.12493	-0.43357	0.13454	-0.63992	1.14581
236	0.04687	0.01723	0.441463850E-02	0.13491E-08	-0.123089540E-02	0.15588E-08	49.29486	1.55161	-2.74554	0.10306	-1.99963	0.88338
237	0.07981	0.01490	-0.119967433E-02	0.11118E-09	0.469755149E-02	0.23184E-08	-2.20794	1.45622	0.04181	0.06143	-0.42103	0.93749
238	0.11111	0.03126	-0.111316505E-02	0.16270E-08	0.898912642E-02	0.73522E-08	55.89780	1.56477	-0.14316	0.03016	0.63165	0.91261
239	0.04156	0.02872	-0.114244060E-02	0.71184E-09	0.764056435E-02	0.17038E-08	35.76480	1.80502	0.00461	0.03644	-0.19232	0.91940
240	0.17138	0.00482	-0.114191952E-02	0.11274E-09	0.652685435E-02	0.99057E-09	5.11151	0.28417	0.11001	0.02459	-0.31131	0.75661
241	0.04048	0.02522	-0.112226978E-02	0.18253E-09	0.714101642E-02	0.19865E-08	10.34288	1.71078	-0.45465	0.09552	0.25209	0.89892
242	0.03047	0.07597	-0.120742666E-02	0.43491E-08	0.471815886E-02	0.12666E-07	68.36035	7.38359	-0.02335	0.04284	-4.16941	0.93208
243	0.07214	0.00898	-0.120411057E-02	0.72078E-09	0.493413769E-02	0.47603E-09	42.09044	0.67554	0.63345	0.02396	0.59590	0.75078
244	0.05439	0.02144	-0.104568701E-02	0.10972E-09	0.134656411E-01	0.17331E-08	6.05568	0.78370	-0.11020	0.03863	-0.68889	0.77948
245	0.07042	0.03057	-0.110835244E-02	0.72355E-09	0.889096968E-02	0.35365E-08	40.24592	1.63891	1.26506	0.06506	0.87238	1.07220
246	0.03373	0.02077	-0.123605668E-02	0.34466E-09	0.472738221E-02	0.10299E-08	20.99930	2.06240	-0.32522	0.05501	0.65750	0.90707
247	0.06287	0.02347	-0.104426849E-02	0.18459E-09	0.115972832E-01	0.18452E-08	10.55301	0.98867	-0.37918	0.06955	-0.39345	0.91304
248	0.13468	0.00788	-0.105500873E-02	0.35973E-09	0.503598712E-02	0.10387E-08	11.01917	0.63617	1.15268	0.04731	0.65494	1.13183
249	0.03960	0.01424	-0.113691832E-02	0.10952E-09	0.639528967E-02	0.89628E-09	7.62140	1.07206	-0.09822	0.03523	-0.27943	0.72389
250	0.15130	0.00679	-0.104169641E-02	0.20412E-09	0.561100058E-02	0.82783E-09	-0.22571	0.52576	0.71965	0.03929	-0.31550	1.14108
251	0.04687	0.01742	-0.111493957E-02	0.18795E-09	0.777041446E-02	0.23301E-08	17.50395	1.06355	-0.51957	0.04959	2.35777	0.79264
252	0.02882	0.02190	-0.122709898E-02	0.32731E-09	0.457082409E-02	0.45585E-09	20.43055	2.26569	-1.30198	0.16958	-1.07004	0.88428
253	0.08259	0.02457	0.623550359E-02	0.29956E-08	-0.118733442E-02	0.43770E-08	63.37354	1.45110	2.35818	0.07130	-2.31254	0.89323
254	0.01640	0.03595	-0.123318995E-02	0.11636E-09	0.449420139E-02	0.90962E-09	8.33919	3.83765	0.20051	0.09530	0.24130	0.85234
255	0.03285	0.01690	-0.128838583E-02	0.19117E-09	0.413309271E-02	0.11151E-08	20.49545	1.87493	0.07588	0.02712	0.31209	0.79097
256	0.02913	0.01999	-0.110878830E-02	0.10035E-09	0.782150030E-02	0.91004E-09	10.91775	1.24115	-1.16446	0.14580	0.22743	0.68471
257	0.03504	0.03855	-0.114625331E-02	0.16398E-08	0.795557536E-02	0.21864E-08	55.91085	2.31521	2.75912	0.12269	0.96310	0.79433
258	0.05905	0.04844	0.410069758E-02	0.12108E-08	-0.118963420E-02	0.15043E-07	46.39945	4.78630	1.38709	0.11570	2.28024	1.20807
259	0.12853	0.04523	0.555707328E-02	0.96501E-09	-0.106401509E-02	0.15123E-07	34.65524	3.33673	2.15726	0.23231	2.60631	1.24569
260	0.12126	0.01431	-0.108648348E-02	0.19500E-09	0.931409933E-02	0.25874E-08	14.98298	0.70796	0.36125	0.03395	-0.68415	0.91472
261	0.10704	0.04627	-0.113339687E-02	0.15168E-07	0.628260244E-02	0.98209E-08	60.85273	2.69354	0.04182	0.12693	6.21773	1.50612
262	0.06174	0.05032	-0.109392416E-02	0.14986E-07	0.417473214E-02	0.13360E-07	62.57394	4.27301	-1.18636	0.17378	-0.50379	1.45201
263	0.13038	0.02361	-0.106008956E-02	0.15994E-08	0.839944836E-02	0.56106E-08	27.41333	1.24007	0.50264	0.09662	-0.03615	1.38500
264	0.12909	0.01678	-0.102526310E-02	0.72842E-09	0.957569387E-02	0.39553E-08	32.91197	0.76685	3.06701	0.06667	2.07416	1.02518
265	0.06601	0.01735	-0.113659829E-02	0.35158E-09	0.702195568E-02	0.18158E-08	20.63661	1.15461	0.03042	0.03977	-0.22055	0.94870
266	0.06669	0.01654	-0.119286682E-02	0.19769E-09	0.457704114E-02	0.25247E-08	11.52251	1.62651	0.46861	0.06196	-0.61449	1.05105
267	0.03533	0.01590	-0.128932297E-02	0.19177E-09	0.403828593E-02	0.11161E-08	19.89202	1.79142	0.21944	0.03396	-2.60636	0.80413
268	0.07364	0.04108	0.484599685E-02	0.32015E-08	-0.117140228E-02	0.15084E-07	54.73619	3.02403	0.69464	0.14245	-0.77154	1.33115
269	0.09135	0.01918	-0.108508440E-02	0.18807E-09	0.819549710E-02	0.62603E-08	6.52851	1.08616	-0.00752	0.04684	-0.68884	1.00456
270	0.07528	0.00891	-0.119482621E-02	0.19249E-09	0.487752492E-02	0.10946E-08	22.46651	0.75985	-0.05330	0.02254	0.37567	0.76229
271	0.15461	0.00617	-0.104361249E-02	0.19802E-09	0.447480753E-02	0.41348E-09	-5.71311	0.59416	0.86068	0.04970	0.33043	1.10835
272	0.04237	0.02079	0.447725644E-02	0.13369E-08	-0.121696503E-02	0.14867E-08	45.20713	1.98489	-4.22391	0.20982	1.81102	0.96527
273	0.14008	0.00688	-0.106908102E-02	0.19901E-09	0.489538535E-02	0.10130E-08	-1.48115	0.60013	0.66473	0.04283	0.27251	1.10269
274	0.04913	0.01836	-0.113349897E-02	0.11740E-09	0.708039058E-02	0.15993E-08	10.30480	1.24791	0.18773	0.03145	-0.23491	0.85183
275	0.09093	0.01228	-0.108146365E-02	0.10212E-09	0.918469299E-02	0.15840E-08	11.65217	0.62059	-1.20047	0.07155	-0.16024	0.75126
276	0.05206	0.02946	-0.115792220E-02	0.43783E-08	0.545629207E-02	0.32556E-08	64.97077	2.16285	2.78279	0.10263	-3.44769	0.86545
277	0.15227	0.00693	-0.100819918E-02	0.19999E-09	0.628248556E-02	0.75765E-09	1.45221	0.48616	0.76478	0.04014	-1.48695	1.04553
278	0.09815	0.00642	-0.117750536E-02	0.19066E-09	0.412477879E-02	0.50920E-09	3.21237	0.66827	0.49437	0.03541	-0.78631	0.91298
279	0.10436	0.02493	-0.108619838E-02	0.66453E-09	0.797670893E-02	0.67626E-08	24.32164	1.40643	-1.73034	0.13089	-1.31823	1.22510
280	0.06077	0.01601	-0.114524364E-02	0.19350E-09	0.642793905E-02	0.20287E-08	19.94036	1.15279	0.18458	0.02719	-0.32703	0.82031